10
0 10 20 15 5 10 35 40 30 50
10 0 35 15 20 10 5 5 20 30
20 35 0 10 20 10 15 5 50 45
15 15 10 0 45 40 35 15 10 5
5 20 20 45 0 5 10 10 15 20
10 10 10 40 5 0 35 15 25 20
35 5 15 35 10 35 0 10 10 40
40 5 5 15 10 15 10 0 50 30
30 20 50 10 15 25 10 50 0 20
50 30 45 5 20 20 40 30 20 0